DATE,RF,SMB,HML,MktRF
192607,0.00250300,-0.02522653,-0.02360736,0.02905412
192608,0.00260325,-0.01147745,0.03750623,0.02618634
192609,0.00240276,-0.01368836,0.00053577,0.00352697
192610,0.00250300,-0.00146919,0.00900365,-0.03281390
192611,0.00240276,-0.00105250,-0.00608305,0.02564430
192612,0.00260325,-0.00050195,0.00055687,0.02601243
192701,0.00250300,-0.00321708,0.04590496,-0.00061200
192702,0.00220231,0.00063204,0.02617956,0.04194778
192703,0.00270351,-0.01776672,-0.02336943,0.00147478
192704,0.00250300,0.00382633,0.00635749,0.00482285
192705,0.00250300,0.01392314,0.04538330,0.05445761
192706,0.00250300,0.00531452,-0.01708809,-0.02379193
192707,0.00250300,-0.03054086,-0.01047120,0.07253044
192708,0.00270351,-0.00757824,-0.03683369,0.01992770
192709,0.00250300,-0.03450163,-0.00557365,0.04781985
192710,0.00250300,0.02075308,-0.04576231,-0.04286498
192711,0.00240276,0.02613844,-0.00098213,0.06507760
192712,0.00260325,0.00989878,-0.01105054,0.02096195
192801,0.00250300,0.04278436,-0.00753646,-0.00556946
192802,0.00230253,-0.02075210,-0.00604151,-0.01681639
192803,0.00270351,-0.00328404,-0.01061159,0.08796749
192804,0.00220231,0.03931099,0.03109038,0.04242759
192805,0.00220231,0.02663979,-0.02862592,0.01517161
192806,0.00260325,-0.03791089,0.00378426,-0.04874075
192807,0.00250300,-0.01357000,-0.00567703,0.00624464
192808,0.00270351,-0.01921147,-0.02001585,0.06671753
192809,0.00240276,0.02356305,0.00808380,0.02858341
192810,0.00521302,0.02187352,-0.02033451,0.01292934
192811,0.00461013,-0.01654302,0.02420967,0.11784360
192812,0.00000000,-0.00901311,-0.00458783,0.00386650
192901,0.00260325,-0.03216811,-0.01137046,0.04636227
192902,0.00400761,-0.00332299,0.01617730,-0.00336870
192903,0.00240276,-0.04826618,0.01635467,-0.00862159
192904,0.00260325,-0.01159086,0.00934867,0.01476144
192905,0.00521302,-0.05822854,-0.01684472,-0.06354679
192906,0.00501202,-0.02004146,-0.02515291,0.09682153
192907,0.00260325,-0.03739747,0.02635066,0.04476798
192908,0.00521302,-0.09023831,0.00269066,0.08100833
192909,0.00240276,0.01294515,-0.00877296,-0.05440097
192910,0.00521302,-0.06509931,0.08256252,-0.20091624
192911,0.00340545,-0.01544746,0.04779385,-0.12813551
192912,0.00250300,-0.04132714,-0.00302538,0.01272810
193001,0.00260325,0.03374453,-0.01091300,0.05648809
193002,0.00220231,0.00206622,0.00252430,0.02498626
193003,0.00260325,0.03178322,0.00217902,0.07084934
193004,0.00240276,-0.00370710,-0.00427302,-0.02041886
193005,0.00250300,-0.02087575,-0.00973426,-0.01685537
193006,0.00250300,-0.04197643,0.02551851,-0.16052782
193007,0.00250300,-0.00314206,-0.01700955,0.04084702
193008,0.00000000,-0.02300899,-0.00583531,0.00318270
193009,0.00250300,-0.02777387,-0.05806807,-0.12793092
193010,0.00000000,-0.00552914,-0.01163052,-0.08780738
193011,0.00230253,0.02450969,-0.03825584,-0.03018326
193012,0.00260325,-0.05264044,-0.06035846,-0.07846476
193101,0.00260325,0.03111317,0.07799801,0.06251361
193102,0.00000000,0.03107639,0.01418470,0.10893327
193103,0.00000000,0.02955521,-0.03349899,-0.06359342
193104,0.00000000,-0.04888377,-0.04803091,-0.09966581
193105,0.00000000,0.05831351,-0.07009403,-0.13283496
193106,0.00000000,-0.05225943,0.10983540,0.13915581
193107,0.00000000,0.01250247,-0.02123595,-0.06606996
193108,0.00000000,-0.02340287,-0.01678071,0.00433225
193109,0.00000000,-0.02360423,-0.09064511,-0.29110375
193110,0.00000000,-0.02213671,0.03669546,0.08002761
193111,0.00230253,0.04599564,-0.05445337,-0.09127088
193112,0.00000000,-0.02106057,-0.10115575,-0.13518946
193201,0.00250300,0.03294644,0.10044836,-0.01567783
193202,0.00230253,-0.03992197,-0.01344092,0.05460205
193203,0.00260325,0.01655968,-0.02288245,-0.11293485
193204,0.00000000,0.00612792,0.01878413,-0.17953544
193205,0.00000000,0.04226147,-0.04983536,-0.20560331
193206,0.00000000,-0.01234853,0.05762434,-0.00799369
193207,0.00000000,-0.03586111,0.27656788,0.33610892
193208,0.00000000,0.07461079,0.26172801,0.37131130
193209,0.00000000,-0.03677023,-0.06169990,-0.02938895
193210,0.00000000,-0.04693626,-0.10912224,-0.13167586
193211,0.00000000,0.00961533,-0.12883349,-0.05862781
193212,0.00000000,-0.08661224,-0.06892974,0.04404488
193301,0.00000000,0.00301162,0.06611755,0.01239565
193302,0.00000000,-0.03639116,-0.03115813,-0.15270668
193303,0.00000000,0.03281698,0.08252145,0.03057893
193304,0.00000000,0.01591431,0.15365372,0.38795128
193305,0.00000000,0.28828734,0.14225440,0.21453594
193306,0.00000000,0.07612876,-0.00404311,0.13096001
193307,0.00000000,-0.00918001,0.05555302,-0.09636521
193308,0.00000000,-0.04834985,0.03088261,0.12048668
193309,0.00000000,-0.01291160,-0.12182521,-0.10632000
193310,0.00000000,-0.01227140,-0.07912795,-0.08374941
193311,0.00000000,-0.06153963,0.02466095,0.09970234
193312,0.00000000,0.00373215,-0.01654935,0.01830311
193401,0.00000000,0.11247565,0.14392585,0.12583299
193402,0.00000000,0.05289375,0.02127993,-0.02487472
193403,0.00000000,0.02396735,-0.02243923,0.00089597
193404,0.00000000,0.02809800,-0.03679300,-0.01782220
193405,0.00000000,-0.00443986,-0.05947381,-0.07268969
193406,0.00000000,-0.02441664,-0.02494540,0.02701633
193407,0.00000000,-0.07962576,-0.11732249,-0.10928007
193408,0.00000000,0.05091730,0.00375362,0.05597244
193409,0.00000000,-0.01710891,-0.01058493,-0.00225449
193410,0.00000000,0.01066120,-0.04832647,-0.01676713
193411,0.00000000,0.06049309,-0.01786577,0.08315189
193412,0.00000000,0.03267191,-0.03029079,0.00383853
193501,0.00000000,0.01117689,-0.01747624,-0.03446402
193502,0.00000000,0.00330524,-0.07463995,-0.01961918
193503,0.00000000,-0.03730759,-0.05035208,-0.03711299
193504,0.00000000,-0.01649054,0.04263072,0.09058771
193505,0.00000000,-0.03302329,0.02808586,0.03490450
193506,0.00000000,-0.02503792,-0.01372513,0.05940755
193507,0.00000000,0.01867433,0.06097759,0.07573363
193508,0.00000000,0.05693578,0.06214162,0.02654774
193509,0.00000000,0.01496490,-0.03843173,0.02628788
193510,0.00000000,0.02548753,-0.02030879,0.07018429
193511,0.00000000,0.04320410,0.11815270,0.04868756
193512,0.00000000,0.00039489,0.00884563,0.04565769
193601,0.00000000,0.05127114,0.10351529,0.06895359
193602,0.00000000,0.00758592,0.04379421,0.02492490
193603,0.00000000,0.00711691,-0.01455634,0.00965982
193604,0.00000000,-0.06554138,-0.02151114,-0.08156352
193605,0.00000000,0.00818275,0.02542314,0.05205196
193606,0.00000000,-0.03233292,-0.01064368,0.02407342
193607,0.00000000,0.00998134,0.02418935,0.06668550
193608,0.00000000,0.00551288,0.03866300,0.00959600
193609,0.00000000,0.03053797,0.00979501,0.00982239
193610,0.00000000,-0.02211689,0.02416166,0.07123231
193611,0.00000000,0.08557464,-0.01193353,0.03300370
193612,0.00000000,0.03854437,0.04147689,0.00185668
193701,0.00000000,0.04376992,0.02655738,0.03368892
193702,0.00000000,0.00656519,0.04269363,0.01090430
193703,0.00000000,-0.00105516,0.09142464,-0.00216161
193704,0.00000000,-0.04026967,-0.03668878,-0.07324166
193705,0.00000000,-0.00708336,-0.03351626,-0.00830955
193706,0.00000000,-0.04091322,-0.03218240,-0.04214246
193707,0.00000000,0.00797989,0.00825704,0.08931436
193708,0.00000000,0.00465799,-0.02362976,-0.04855457
193709,0.00000000,-0.07917220,-0.04964865,-0.13636552
193710,0.00000000,0.01365940,-0.00896086,-0.09577313
193711,0.00000000,-0.04112951,0.00450385,-0.08309547
193712,0.00000000,-0.08297683,-0.00240959,-0.04301680
193801,0.00000000,0.04801834,-0.01383560,0.00487068
193802,0.00000000,0.00213575,-0.01772634,0.05876790
193803,0.00000000,-0.05682445,-0.04669830,-0.23931503
193804,0.00000000,0.05518455,0.00519586,0.14457146
193805,0.00000000,-0.02829080,-0.00147289,-0.03858561
193806,0.00000000,0.03244634,0.00410497,0.23911439
193807,0.00000000,0.06184043,0.02291602,0.07326354
193808,0.00000000,-0.02493984,-0.04733315,-0.02681801
193809,0.00000000,-0.02405082,-0.00991478,0.00813336
193810,0.00000000,0.05318720,0.04759777,0.07810452
193811,0.00000000,-0.02644704,-0.01089188,-0.01756798
193812,0.00000000,-0.01642789,0.00601163,0.04176523
193901,0.00000000,-0.01637748,-0.03898309,-0.05977036
193902,0.00000000,0.00574801,0.02920158,0.03516123
193903,0.00000000,-0.05163875,-0.09170074,-0.12036170
193904,0.00000000,0.01904834,0.00020335,-0.00176672
193905,0.00000000,0.02543285,0.00574300,0.06817590
193906,0.00000000,-0.01140458,-0.05495668,-0.05355806
193907,0.00000000,0.03810111,0.00218931,0.10228475
193908,0.00000000,-0.04738055,-0.02627016,-0.06693952
193909,0.00000000,0.18262082,0.18990309,0.16903334
193910,0.00000000,-0.00011160,-0.04722785,-0.00546055
193911,0.00000000,-0.05359119,-0.06640383,-0.03653944
193912,0.00000000,0.00947287,-0.03975772,0.02964651
194001,0.00000000,0.00294199,-0.00774685,-0.02404706
194002,0.00000000,0.02522108,-0.00291248,0.01455592
194003,0.00000000,0.01283118,-0.01229482,0.02084477
194004,0.00000000,0.04038095,-0.00164034,0.00231596
194005,0.00000000,-0.07367735,-0.04749103,-0.21991435
194006,0.00000000,-0.01896961,0.04708084,0.06670508
194007,0.00000000,0.00943904,-0.00701612,0.03159874
194008,0.00000000,-0.00170741,0.00603947,0.02226174
194009,0.00000000,0.03219070,-0.00987894,0.02417601
194010,0.00000000,0.00377635,0.04599769,0.03037712
194011,0.00000000,0.02037283,0.00404209,-0.01610746
194012,0.00000000,-0.02128745,-0.00902939,0.00694984
194101,0.00000000,0.01017932,0.04060957,-0.04185234
194102,0.00000000,-0.01509024,0.00974066,-0.01446729
194103,0.00000000,0.00071440,0.03042489,0.00853322
194104,0.00000000,-0.01757534,0.03717725,-0.05442046
194105,0.00000000,-0.00648449,0.00649944,0.01334295
194106,0.00000000,0.01238392,0.00574520,0.05830595
194107,0.00000000,0.05375366,0.06781866,0.05851013
194108,0.00000000,-0.00430395,-0.01096677,-0.00153656
194109,0.00000000,-0.00981762,-0.00252316,-0.00871480
194110,0.00000000,-0.02090643,0.01755831,-0.05267553
194111,0.00000000,-0.01123767,-0.00589225,-0.01946694
194112,0.00000000,-0.02817825,-0.06003395,-0.04894431
194201,0.00000000,0.07340245,0.10020517,0.00801566
194202,0.00000000,0.01734932,-0.01075434,-0.02464352
194203,0.00000000,0.01885913,-0.00601865,-0.06601448
194204,0.00000000,-0.00505347,0.02251215,-0.04363500
194205,0.00000000,-0.03065391,-0.02525822,0.05956201
194206,0.00000000,-0.01266214,0.00426489,0.02693995
194207,0.00000000,-0.00173276,0.02397947,0.03502567
194208,0.00000000,-0.00058638,0.01318694,0.01796244
194209,0.00000000,0.00606421,0.02330465,0.02638102
194210,0.00000000,0.01560923,0.06122861,0.06806214
194211,0.00000000,-0.01417932,-0.04223277,0.00148125
194212,0.00000000,-0.02410233,0.00584370,0.05144935
194301,0.00000000,0.08097389,0.07515901,0.07116378
194302,0.00000000,0.04535561,0.06151128,0.06155567
194303,0.00000000,0.04820188,0.05241340,0.06056444
194304,0.00000000,0.02147300,0.06092579,0.00807101
194305,0.00000000,0.04251792,0.03138206,0.05750477
194306,0.00000000,-0.00929932,-0.00661416,0.01844951
194307,0.00000000,-0.02410218,-0.02235459,-0.04793383
194308,0.00000000,-0.00661224,-0.00403627,0.01313092
194309,0.00000000,0.01278383,0.01445925,0.02405101
194310,0.00000000,0.00604948,0.01754164,-0.01172818
194311,0.00000000,-0.01551522,-0.04050015,-0.05922292
194312,0.00000000,0.02921564,0.02755817,0.06352229
194401,0.00000000,0.02563298,0.02301221,0.01730778
194402,0.00000000,-0.00065405,0.00885218,0.00354181
194403,0.00000000,0.01602968,0.03326086,0.02472252
194404,0.00000000,-0.01308795,-0.01018223,-0.01674721
194405,0.00000000,0.01599094,0.01006098,0.05090158
194406,0.00000000,0.03906280,0.01823314,0.05497618
194407,0.00000000,0.00638480,-0.00352117,-0.01488039
194408,0.00000000,0.02347580,-0.01373639,0.01560591
194409,0.00000000,0.00519939,-0.01115037,0.00012684
194410,0.00000000,-0.00165094,-0.00328475,0.00166383
194411,0.00000000,0.00355512,0.02376449,0.01718129
194412,0.00000000,0.02126534,0.05700882,0.04056249
194501,0.00000000,0.02412191,0.00726746,0.02014452
194502,0.00000000,0.01545856,0.04195258,0.06220366
194503,0.00000000,-0.01636042,-0.01564194,-0.03931685
194504,0.00000000,0.00466609,0.02940471,0.07782573
194505,0.00000000,0.01503514,0.00354186,0.01710916
194506,0.00000000,0.03146652,0.04263298,0.00366653
194507,0.00000000,-0.01456838,-0.02720994,-0.02177518
194508,0.00000000,0.01545832,-0.04003593,0.06211486
194509,0.00000000,0.01678474,0.00453367,0.04770336
194510,0.00000000,0.02289795,0.02117130,0.03882371
194511,0.00000000,0.04021338,0.04217294,0.05390243
194512,0.00000000,0.02216180,-0.02261162,0.01201855
194601,0.00000000,0.03781627,0.02148286,0.06252679
194602,0.00000000,-0.00614497,-0.01282389,-0.05825069
194603,0.00000000,0.00327495,-0.00305822,0.05895935
194604,0.00000000,0.02278604,0.00424659,0.04247811
194605,0.00000000,0.01420613,0.01062581,0.03945819
194606,0.00000000,-0.01614782,-0.00526029,-0.03910385
194607,0.00000000,-0.01895962,0.00053289,-0.02669130
194608,0.00000000,-0.01910422,0.00647566,-0.06462833
194609,0.00000000,-0.04574221,-0.02007883,-0.10166873
194610,0.00000000,0.00261877,0.03597649,-0.01431410
194611,0.00000000,-0.00352767,0.01586139,-0.00023858
194612,0.00000000,0.00042933,-0.01325781,0.04957053
194701,0.00000000,0.02251993,-0.00732727,0.01275498
194702,0.00000000,0.00723053,0.00157063,-0.01086258
194703,0.00000000,-0.01606390,0.00649507,-0.01677328
194704,0.00000000,-0.04089153,0.00907679,-0.04801400
194705,0.00000000,-0.03270316,0.00370291,-0.00947015
194706,0.00000000,-0.00290614,-0.00574934,0.05280724
194707,0.00000000,0.01464535,0.02703869,0.04135387
194708,0.00000000,0.00346099,0.00197385,-0.01722444
194709,0.00000000,0.01627378,0.01396539,-0.00532670
194710,0.00000000,0.00517604,0.00165016,0.02469857
194711,0.00000000,-0.01702253,0.01119551,-0.01995348
194712,0.00000000,-0.02368946,0.03731242,0.03024091
194801,0.00000000,0.02625809,0.01456146,-0.03918712
194802,0.00000000,-0.01734321,0.00125061,-0.04363101
194803,0.00000000,0.00139822,0.04274533,0.08085850
194804,0.00000000,-0.01546433,0.04037851,0.03633470
194805,0.00000000,0.00810030,-0.01169526,0.07326206
194806,0.00000000,-0.01764947,0.02966725,-0.00105393
194807,0.00000000,-0.00436309,0.00191210,-0.05090318
194808,0.00000000,-0.01143470,0.00328493,0.00254759
194809,0.00000000,-0.01339544,-0.01734927,-0.02982934
194810,0.00000000,-0.01394272,0.00578326,0.05969008
194811,0.00000000,-0.00636339,-0.04382713,-0.09333358
194812,0.00000000,-0.02758563,-0.01850646,0.03265684
194901,0.00000000,0.01736442,0.01237517,0.00237400
194902,0.00000000,-0.01955801,-0.00879338,-0.02898082
194903,0.00000000,0.02363121,0.01257088,0.04055768
194904,0.00000000,-0.00929287,-0.01122034,-0.01852024
194905,0.00000000,-0.00812388,-0.02406896,-0.02971915
194906,0.00000000,-0.00842990,-0.01613346,0.00113919
194907,0.00000000,0.00519542,0.00378608,0.05547377
194908,0.00000000,0.00112220,-0.00549663,0.02585621
194909,0.00000000,0.01009487,0.00267227,0.03089136
194910,0.00000000,0.01029515,-0.00438965,0.03141012
194911,0.00000000,-0.00931795,-0.00856057,0.01829858
194912,0.00000000,0.01962820,0.01667742,0.05124942
195001,0.00000000,0.03336180,0.00248436,0.01684050
195002,0.00000000,0.00025824,-0.00768689,0.01486319
195003,0.00000000,-0.01417052,-0.02719560,0.01249681
195004,0.00000000,0.01951886,0.01289707,0.03936560
195005,0.00000000,-0.02054326,0.00448541,0.04321028
195006,0.00000000,-0.02526217,-0.00711059,-0.05934784
195007,0.00000000,0.00618288,0.13811904,0.01354278
195008,0.00000000,0.00717393,-0.01309971,0.04850786
195009,0.00200190,0.00546790,-0.01010204,0.04826834
195010,0.00000000,-0.00674539,0.01421328,-0.00190240
195011,0.00000000,-0.00881186,0.03238668,0.02753191
195012,0.00000000,0.01491722,0.07175919,0.05553693
195101,0.00000000,0.01634180,0.03629875,0.05699255
195102,0.00000000,0.00167103,-0.02724727,0.01416812
195103,0.00000000,-0.00673244,-0.04245250,-0.02153807
195104,0.00250300,-0.01443124,0.03182560,0.04865534
195105,0.00000000,-0.00115527,-0.01401819,-0.02341171
195106,0.00210210,-0.02014972,-0.04028821,-0.02621623
195107,0.00210210,-0.01921842,0.01906693,0.06938220
195108,0.00230253,0.00891011,-0.00151198,0.04297315
195109,0.00190171,0.01852691,0.00616495,0.00677017
195110,0.00260325,-0.00247358,0.00218554,-0.02538570
195111,0.00000000,-0.00362835,-0.00074649,0.00584283
195112,0.00000000,-0.02170788,-0.01496025,0.03328932
195201,0.00260325,-0.00644146,0.01484941,0.01422469
195202,0.00230253,0.00839014,-0.00643378,-0.02643382
195203,0.00000000,-0.02866246,0.02194544,0.04435257
195204,0.00000000,0.00475084,-0.00039201,-0.04956663
195205,0.00250300,-0.00999099,0.00034648,0.03208739
195206,0.00210210,-0.01579878,0.01230586,0.03821537
195207,0.00220231,-0.00382566,-0.00304246,0.00913454
195208,0.00210210,0.01134725,0.00087802,-0.00767861
195209,0.00210210,0.01112937,-0.01403986,-0.02027096
195210,0.00220231,-0.01058415,-0.00511852,-0.00655275
195211,0.00170136,-0.00681628,0.00948577,0.05968868
195212,0.00220231,-0.01484212,0.00164391,0.02924361
195301,0.00210210,0.03534578,0.01273341,-0.00334148
195302,0.00180153,0.02210956,-0.00046071,-0.00244078
195303,0.00220231,-0.00182787,-0.00822018,-0.01440706
195304,0.00210210,0.00245280,0.01595118,-0.02807430
195305,0.00210210,-0.00062252,0.00274966,0.00511297
195306,0.00220231,-0.01947098,-0.00493450,-0.01884180
195307,0.00230253,-0.01067733,-0.00164377,0.02396038
195308,0.00210210,0.00387598,-0.03649810,-0.04554408
195309,0.00210210,-0.00873331,-0.02385295,0.00196351
195310,0.00210210,-0.01304346,-0.00167103,0.04588186
195311,0.00000000,-0.01286647,-0.00153894,0.02834817
195312,0.00220231,-0.00869830,-0.02817158,0.00012589
195401,0.00200190,0.00475686,0.03318783,0.05135197
195402,0.00000000,-0.00202191,-0.00261768,0.01678120
195403,0.00000000,-0.00491689,-0.01405583,0.03689223
195404,0.00000000,-0.03349622,-0.00358319,0.04272210
195405,0.00000000,0.00388272,0.02381816,0.03115417
195406,0.00000000,0.00331801,0.00041666,0.01098528
195407,0.00000000,0.00978177,0.03921042,0.04978538
195408,0.00000000,0.02748368,-0.01413711,-0.02352844
195409,0.00000000,-0.02426377,0.00639207,0.06393392
195410,0.00000000,0.00587841,0.00653034,-0.01665665
195411,0.00000000,-0.02379754,0.04086795,0.09427472
195412,0.00000000,0.02042460,0.05413487,0.05479685
195501,0.00000000,0.00155825,0.02196382,0.00603264
195502,0.00000000,0.01481652,0.00574856,0.03011563
195503,0.00000000,-0.00627162,0.01991481,-0.00136451
195504,0.00200190,-0.01691844,0.00718802,0.03106857
195505,0.00210210,-0.00264211,-0.00892234,0.00952838
195506,0.00000000,-0.04306316,0.01767700,0.06533533
195507,0.00000000,-0.01234896,0.00387229,0.01899137
195508,0.00230253,-0.00423191,0.00698814,0.00213751
195509,0.00210210,0.00253678,-0.01013559,-0.00383346
195510,0.00210210,0.01455149,-0.00123911,-0.02655449
195511,0.00200190,-0.02059200,0.00251793,0.07040051
195512,0.00210210,0.01963100,-0.02113068,0.01505812
195601,0.00210210,0.00514815,0.00890557,-0.03024829
195602,0.00200190,-0.00941163,-0.00435249,0.03785945
195603,0.00210210,-0.02016342,-0.00444021,0.06629686
195604,0.00210210,-0.00078819,-0.00176931,0.00274827
195605,0.00220231,0.01596420,-0.01418537,-0.05179526
195606,0.00210210,-0.01505400,-0.01027337,0.03454082
195607,0.00210210,-0.01600469,-0.00102521,0.04783448
195608,0.00230253,0.01924279,-0.00722565,-0.03176503
195609,0.00190171,0.01657191,0.01826630,-0.05166662
195610,0.00230253,-0.00136043,-0.00087680,0.00517868
195611,0.00200190,-0.00264773,0.01738151,0.00343531
195612,0.00190171,-0.00010486,-0.02098260,0.03159322
195701,0.00220231,0.03448134,0.02891770,-0.03558449
195702,0.00190171,-0.00790521,-0.00642696,-0.02048025
195703,0.00210210,0.00305622,-0.00531137,0.02106389
195704,0.00210210,-0.01502152,-0.01405727,0.04243933
195705,0.00220231,-0.01038917,-0.01976910,0.03457847
195706,0.00200190,0.00597321,-0.00055311,-0.00754275
195707,0.00220231,-0.00832221,0.00472779,0.00657240
195708,0.00220231,0.00011746,-0.00522039,-0.05114539
195709,0.00200190,0.00051411,0.00969787,-0.05986337
195710,0.00230253,-0.02551524,-0.02098788,-0.04279002
195711,0.00190171,0.00336408,-0.02886021,0.02342066
195712,0.00210210,-0.00945583,-0.01828891,-0.03921127
195801,0.00220231,0.04056621,0.04142940,0.04646681
195802,0.00200190,0.00756373,0.00237724,-0.01530409
195803,0.00000000,0.00636862,-0.01019984,0.03247773
195804,0.00000000,-0.00693195,0.01581546,0.03082112
195805,0.00210210,0.02106762,-0.00173856,0.02327338
195806,0.00000000,-0.00142634,0.00285195,0.02931663
195807,0.00000000,0.00434020,0.02963456,0.04383290
195808,0.00000000,0.01132456,0.00340437,0.01910702
195809,0.00210210,0.00073120,0.02705259,0.04652554
195810,0.00230253,0.01018694,-0.01085749,0.02536488
195811,0.00180153,0.01972180,-0.01081046,0.03009133
195812,0.00210210,-0.01947036,0.00063776,0.05156097
195901,0.00210210,0.02976215,0.02897035,0.00684352
195902,0.00190171,0.01456826,0.01170678,0.00966351
195903,0.00210210,0.01454099,-0.00336552,0.00286708
195904,0.00220231,-0.00666723,-0.01243014,0.03633261
195905,0.00210210,-0.02095453,0.01824542,0.01734159
195906,0.00220231,0.00668236,0.01335553,-0.00274506
195907,0.00220231,-0.00368544,0.00286126,0.03146460
195908,0.00210210,-0.00782910,0.00456519,-0.01401475
195909,0.00210210,-0.00135335,0.00562476,-0.04795941
195910,0.00220231,0.01502839,-0.02025724,0.01268681
195911,0.00190171,0.01209871,-0.03103224,0.01600684
195912,0.00440925,-0.00625394,-0.00024781,0.02466016
196001,0.00400761,0.02205830,0.02883244,-0.06950108
196002,0.00200190,0.00605460,-0.01958085,0.01173622
196003,0.00461013,-0.00545609,-0.02798002,-0.01623368
196004,0.00200190,0.00185473,-0.02180444,-0.01704666
196005,0.00210210,0.01279515,-0.03581778,0.03095487
196006,0.00220231,-0.00311383,-0.00261397,0.02078976
196007,0.00200190,-0.00552389,0.02143721,-0.02351439
196008,0.00230253,0.00825739,-0.00154866,0.03003744
196009,0.00210210,-0.01177499,0.01786884,-0.06000821
196010,0.00210210,-0.04104001,0.02922941,-0.00700441
196011,0.00200190,0.00372157,-0.02283717,0.04715359
196012,0.00210210,-0.01507124,-0.00774961,0.04716961
196101,0.00210210,0.00634872,0.03414844,0.06179811
196102,0.00190171,0.03772188,-0.00534846,0.03576566
196103,0.00220231,0.03161351,-0.00748761,0.02892941
196104,0.00200190,0.00064098,0.02147305,0.00288907
196105,0.00210210,0.01919826,0.00383005,0.02398591
196106,0.00220231,-0.02573862,-0.00085447,-0.03078094
196107,0.00200190,-0.01906051,-0.00065357,0.02840054
196108,0.00230253,-0.01688482,-0.00295549,0.02604734
196109,0.00200190,-0.01088500,-0.00644889,-0.02136505
196110,0.00220231,-0.01541062,0.00154999,0.02549620
196111,0.00200190,0.01224636,-0.01189830,0.04479681
196112,0.00200190,-0.00860982,0.01758320,-0.00164292
196201,0.00220231,0.01778237,0.05269213,-0.03861969
196202,0.00190171,-0.01137518,0.00830091,0.01793513
196203,0.00220231,0.00647633,-0.01571277,-0.00700926
196204,0.00200190,-0.00908944,0.00166803,-0.06577065
196205,0.00220231,-0.03550491,0.02754086,-0.08649924
196206,0.00210210,-0.00662838,0.02572568,-0.08505751
196207,0.00210210,0.01470139,-0.03199498,0.06267341
196208,0.00230253,0.01202179,-0.01114207,0.02135713
196209,0.00190171,-0.02530699,0.01351635,-0.05225073
196210,0.00230253,-0.03938111,0.01205988,-0.00056913
196211,0.00200190,0.02277608,0.00754996,0.10866558
196212,0.00200190,-0.03706971,0.00344782,0.01019184
196301,0.00220231,0.02854783,0.02086442,0.04924657
196302,0.00190171,0.00478436,0.02197743,-0.02369236
196303,0.00210210,-0.02482628,0.02066970,0.03070868
196304,0.00210210,-0.01235324,0.00940188,0.04505461
196305,0.00220231,0.01039957,0.02503008,0.01732761
196306,0.00200190,-0.00312201,0.00687661,-0.02001392
196307,0.00220231,-0.00591063,-0.00830503,-0.00402702
196308,0.00220231,-0.00920118,0.01648957,0.05059187
196309,0.00200190,-0.00256236,0.00006674,-0.01582718
196310,0.00230253,-0.00596372,-0.00032378,0.02510204
196311,0.00360613,-0.01230541,0.01808760,-0.00847444
196312,0.00210210,-0.01939447,-0.00214020,0.01835347
196401,0.00220231,-0.00206675,0.01629976,0.02226564
196402,0.00190171,0.00098749,0.02769388,0.01568789
196403,0.00210210,0.00929745,0.03252239,0.01415058
196404,0.00220231,-0.01355387,-0.00542675,0.00117926
196405,0.00200190,-0.00820428,0.01800542,0.01440726
196406,0.00220231,-0.00241709,0.00646721,0.01269349
196407,0.00220231,0.00167973,0.00748927,0.01726003
196408,0.00210210,0.00006669,0.00075904,-0.01438101
196409,0.00210210,-0.00630206,0.01688096,0.02688576
196410,0.00220231,0.00487936,0.01070601,0.00592994
196411,0.00380685,0.00629270,-0.02026984,-0.00029813
196412,0.00220231,-0.00221393,-0.02376261,0.00053337
196501,0.00200190,0.02505267,0.00418125,0.03523440
196502,0.00380685,0.03308526,0.00225980,0.00454093
196503,0.00461013,0.01813571,0.01142554,-0.01327405
196504,0.00210210,0.01103689,0.00706822,0.03100198
196505,0.00400761,0.00026093,-0.01561065,-0.00761737
196506,0.00440925,-0.04220986,0.00266580,-0.05460989
196507,0.00210210,0.00818538,0.02145092,0.01445675
196508,0.00220231,0.02782873,-0.00939572,0.02721017
196509,0.00210210,0.00639562,-0.00096363,0.02867068
196510,0.00210210,0.02462134,0.01484992,0.02593963
196511,0.00400761,0.04683716,0.00125929,-0.00015920
196512,0.00440925,0.02027994,0.02109706,0.01009986
196601,0.00420841,0.03936862,0.03181561,0.00716032
196602,0.00380685,0.04479798,0.00414928,-0.01217804
196603,0.00461013,0.00915021,-0.02129772,-0.02479168
196604,0.00400761,0.03559292,-0.00151518,0.02115892
196605,0.00420841,-0.04759158,-0.01702444,-0.05648133
196606,0.00440925,0.01065766,0.00544900,-0.01426164
196607,0.00400761,-0.00355358,0.00919863,-0.01615244
196608,0.00461013,-0.03465805,0.00481287,-0.07900488
196609,0.00420841,-0.01030898,0.00455185,-0.01039486
196610,0.00420841,-0.06300280,0.02702744,0.03852847
196611,0.00400761,0.04073871,-0.04457269,0.01402427
196612,0.00420841,0.01951445,-0.00947329,0.00143512
196701,0.00420841,0.07528209,0.02234253,0.08137849
196702,0.00380685,0.03346153,-0.02200896,0.00792801
196703,0.00440925,0.01384224,0.00433036,0.03996260
196704,0.00400761,0.00495079,-0.02214355,0.03883981
196705,0.00440925,0.02156403,0.00867168,-0.04335402
196706,0.00220231,0.05764465,0.00800314,0.02393813
196707,0.00400761,0.03044267,0.02604487,0.04559849
196708,0.00230253,0.00424697,0.01455717,-0.00880488
196709,0.00400761,0.02942848,-0.02329423,0.03101058
196710,0.00440925,0.01586769,-0.03361854,-0.03101933
196711,0.00400761,0.00176639,-0.01723907,0.00388594
196712,0.00400761,0.05408362,-0.00506422,0.03041444
196801,0.00440925,0.04181628,0.04990204,-0.04052688
196802,0.00380685,-0.03023209,0.01308541,-0.03726263
196803,0.00420841,-0.01200696,-0.00699280,0.00199470
196804,0.00400761,0.05196437,-0.00954855,0.08995378
196805,0.00440925,0.06210425,0.00877007,0.02267033
196806,0.00340545,-0.00175777,0.00658176,0.00694240
196807,0.00511226,-0.01312362,0.05516286,-0.02687865
196808,0.00360613,0.02413570,0.00959415,0.01343642
196809,0.00340545,0.02607471,0.00332886,0.04067965
196810,0.00360613,-0.00494458,0.02824236,0.00409655
196811,0.00340545,0.02260266,-0.00900180,0.05416795
196812,0.00360613,0.03479912,0.00055735,-0.03918047
196901,0.00440925,-0.00594967,0.01686986,-0.01237638
196902,0.00541379,-0.04170733,0.00967787,-0.05849176
196903,0.00400761,-0.00257770,-0.00417758,0.02655526
196904,0.00631894,-0.00780601,0.00012247,0.01451838
196905,0.00420841,-0.00353030,0.00607453,-0.00070207
196906,0.00420841,-0.05641976,-0.01141119,-0.07148729
196907,0.00631894,-0.03396834,0.01156020,-0.06967445
196908,0.00420841,0.00837157,-0.03601199,0.04673820
196909,0.00631894,0.01294127,-0.03316609,-0.02941466
196910,0.00692282,0.03737734,-0.02922539,0.05020069
196911,0.00571542,-0.02631461,-0.01346865,-0.03766296
196912,0.00662083,-0.03712815,-0.02941101,-0.02612781
197001,0.00631894,0.03153304,0.03398410,-0.08056587
197002,0.00571542,-0.02272422,0.03552639,0.05083259
197003,0.00631894,-0.02338773,0.04214933,-0.01046036
197004,0.00440925,-0.06789667,0.07182455,-0.10936444
197005,0.00631894,-0.04644555,0.02915629,-0.06872305
197006,0.00662083,-0.02158278,0.00273759,-0.05771348
197007,0.00440925,-0.00501796,0.00801603,0.06894579
197008,0.00631894,0.01422724,0.01262074,0.04473080
197009,0.00631894,0.08347824,-0.04863799,0.04155022
197010,0.00440925,-0.04270526,0.00209014,-0.02275486
197011,0.00400761,-0.03741904,0.01525077,0.04615382
197012,0.00440925,0.02736319,0.00959836,0.05719540
197101,0.00400761,0.07015886,0.01416821,0.04814036
197102,0.00380685,0.01867471,-0.01218396,0.01392700
197103,0.00230253,0.02512831,-0.03706945,0.04117853
197104,0.00210210,-0.00474150,0.00817687,0.03144263
197105,0.00200190,-0.01067616,-0.01373590,-0.03976112
197106,0.00440925,-0.01527355,-0.01964630,-0.00068706
197107,0.00420841,-0.01573660,-0.00021652,-0.04495962
197108,0.00440925,-0.00141927,0.02586131,0.03783099
197109,0.00420841,0.00528459,-0.02823962,-0.00832384
197110,0.00420841,-0.01828555,-0.00541270,-0.04405394
197111,0.00420841,-0.02755396,-0.01670730,-0.00464157
197112,0.00440925,0.03034023,-0.00344771,0.08691185
197201,0.00210210,0.05715292,0.02043255,0.02473149
197202,0.00200190,0.01283636,-0.02752196,0.02867282
197203,0.00220231,-0.00268154,-0.01603468,0.00612852
197204,0.00200190,0.00145803,0.00026389,0.00280510
197205,0.00220231,-0.02663255,-0.02700443,0.01257252
197206,0.00220231,0.00327978,-0.02521983,-0.02447287
197207,0.00400761,-0.02941675,0.00654190,-0.00795899
197208,0.00230253,-0.03793130,0.04517541,0.03274488
197209,0.00400761,-0.02676666,0.00494426,-0.01117611
197210,0.00440925,-0.02700758,0.01219254,0.00500433
197211,0.00400761,-0.01073412,0.04755950,0.04590451
197212,0.00380685,-0.01938532,-0.02172138,0.00627359
197301,0.00420841,-0.03595988,0.02842985,-0.03284163
197302,0.00380685,-0.04101179,0.01844444,-0.04831893
197303,0.00440925,-0.02811918,0.02587179,-0.01295314
197304,0.00601713,-0.04028836,0.05837544,-0.05651284
197305,0.00440925,-0.06452800,0.00393641,-0.02949953
197306,0.00420841,-0.02907945,0.01083468,-0.01537431
197307,0.00631894,0.07532705,-0.04679411,0.05003574
197308,0.00692282,-0.02044938,0.00995235,-0.03779625
197309,0.00762742,0.02791443,0.02165566,0.04736744
197310,0.00692282,-0.00222863,0.01620758,-0.00818585
197311,0.00631894,-0.08717060,0.04856401,-0.12711213
197312,0.00601713,-0.05225525,0.03891361,0.00765601
197401,0.00662083,0.09582050,0.05725464,-0.00168997
197402,0.00571542,-0.00009983,0.02415771,-0.00450973
197403,0.00631894,0.02529030,-0.00206827,-0.02835010
197404,0.00843369,-0.00775177,0.00929180,-0.05241201
197405,0.00662083,-0.03130650,-0.02185108,-0.04675058
197406,0.00601713,-0.00312098,0.00821326,-0.02818831
197407,0.00662083,0.00758845,0.05525986,-0.08005581
197408,0.00662083,-0.00917200,0.02839798,-0.09332573
197409,0.00803047,0.00137577,0.06050708,-0.11716565
197410,0.00461013,-0.03258944,-0.08582853,0.16033804
197411,0.00601713,-0.01335440,-0.00388654,-0.04490843
197412,0.00631894,-0.04891160,0.00034476,-0.03437436
197501,0.00662083,0.09563198,0.07162525,0.13592764
197502,0.00380685,0.00107141,-0.04182023,0.05553382
197503,0.00400761,0.03626665,0.02314927,0.02644542
197504,0.00440925,-0.00657643,-0.01091882,0.04212320
197505,0.00420841,0.03741215,-0.03777661,0.05169767
197506,0.00420841,0.00844331,0.01414106,0.04863508
197507,0.00440925,0.02835744,0.01884170,-0.06576677
197508,0.00420841,-0.03288392,-0.00918280,-0.02834518
197509,0.00631894,-0.00241947,0.00344690,-0.04225695
197510,0.00461013,-0.03931712,0.00324050,0.05323512
197511,0.00380685,-0.01199500,0.01996137,0.02657460
197512,0.00440925,-0.00893016,0.01756963,-0.01605199
197601,0.00420841,0.04255008,0.07736861,0.12129155
197602,0.00380685,0.06835118,0.05641323,0.00333280
197603,0.00461013,-0.01160774,-0.00062149,0.02313755
197604,0.00420841,-0.00096261,-0.00148380,-0.01496379
197605,0.00400761,-0.01237776,-0.01280351,-0.01352807
197606,0.00440925,-0.01256793,0.00689606,0.03997106
197607,0.00420841,0.00285157,0.01710698,-0.01074721
197608,0.00440925,-0.02095049,0.00801559,-0.00550541
197609,0.00420841,0.00034319,-0.00312684,0.02075952
197610,0.00420841,0.00099067,-0.00213398,-0.02414035
197611,0.00400761,0.02305675,0.01505199,0.00372046
197612,0.00440925,0.02893214,0.02094617,0.05647683
197701,0.00420841,0.04893887,0.04487835,-0.04033948
197702,0.00380685,0.01050231,0.00468881,-0.01925329
197703,0.00461013,0.00998036,0.01103660,-0.01358659
197704,0.00400761,-0.00125733,0.03370312,0.00127237
197705,0.00420841,0.01243262,0.00801065,-0.01464202
197706,0.00440925,0.01981746,-0.00581650,0.04725397
197707,0.00380685,0.02137607,-0.00612150,-0.01700059
197708,0.00461013,0.01585552,-0.02769726,-0.01765437
197709,0.00420841,0.01476722,-0.00262970,-0.00278585
197710,0.00420841,0.01221735,0.01669782,-0.04356519
197711,0.00420841,0.03500421,0.00204589,0.03983034
197712,0.00420841,0.01353571,-0.00324641,0.00242367
197801,0.00420841,0.02411322,0.03530232,-0.05958533
197802,0.00380685,0.03636739,0.00810498,-0.01386099
197803,0.00440925,0.03346762,0.01081104,0.02804263
197804,0.00601713,0.00366447,-0.03238212,0.07867173
197805,0.00440925,0.04412557,-0.00587024,0.01764838
197806,0.00440925,0.01739878,0.00585915,-0.01707355
197807,0.00601713,0.00282884,-0.00929620,0.05100460
197808,0.00461013,0.04920340,-0.00654923,0.03744176
197809,0.00601713,-0.00489469,0.01903745,-0.01425786
197810,0.00662083,-0.11005445,0.01642815,-0.11826802
197811,0.00631894,0.02978414,-0.02072218,0.02695622
197812,0.00803047,0.01196497,-0.02162349,0.00863380
197901,0.00662083,0.03396784,0.02055206,0.04209068
197902,0.00762742,0.00464148,0.01213819,-0.03553853
197903,0.00883706,0.02994460,-0.00633530,0.05649064
197904,0.00803047,0.02127883,0.01123407,-0.00078390
197905,0.00883706,0.00199364,0.01336315,-0.02151892
197906,0.00843369,0.01132581,0.01373139,0.03795036
197907,0.00843369,0.01280616,0.01729881,0.00819913
197908,0.00692282,0.01881472,-0.01484346,0.05514479
197909,0.00762742,-0.00294540,-0.00949561,-0.00832270
197910,0.00924059,-0.03585794,-0.01976856,-0.08038204
197911,0.01055267,0.02702791,-0.03078982,0.05209257
197912,0.01004764,0.04030315,-0.02025593,0.01764051
198001,0.00883706,0.01523691,0.01669088,0.05517760
198002,0.00803047,-0.01913468,0.00575559,-0.01238932
198003,0.01267589,-0.07461016,-0.01172718,-0.12770705
198004,0.01267589,0.01030234,0.00990911,0.03924065
198005,0.00843369,0.01929950,0.00345038,0.05248978
198006,0.00631894,0.01557216,-0.00791417,0.02956527
198007,0.00440925,0.03869664,-0.05738280,0.06452638
198008,0.00631894,0.03798793,-0.02402462,0.01753988
198009,0.00843369,0.00934309,-0.04549651,0.02152059
198010,0.00924059,0.02319123,-0.02941108,0.01033503
198011,0.00903835,-0.03099066,-0.07327894,0.09561947
198012,0.01328349,-0.00298760,0.02752653,-0.04432400
198101,0.01055267,0.03054188,0.06982739,-0.05006110
198102,0.01146177,-0.00464418,0.00863410,0.00604350
198103,0.01105794,0.03164122,0.00529833,0.03617934
198104,0.01055267,0.04537614,0.02283557,-0.02147144
198105,0.01206865,0.01922509,-0.00429268,0.00120282
198106,0.01328349,-0.00819299,0.05320090,-0.02320520
198107,0.01328349,-0.02098603,-0.00621421,-0.01528572
198108,0.01267589,-0.02075966,0.05038261,-0.06975854
198109,0.01267589,-0.02803722,0.05255901,-0.07094581
198110,0.01105794,0.01990398,-0.03847080,0.04894341
198111,0.01004764,-0.01110409,0.01774789,0.03365587
198112,0.00883706,0.01188926,0.00792166,-0.03629318
198201,0.00803047,-0.01307790,0.03116250,-0.03210421
198202,0.00954287,0.00399481,0.06454656,-0.05808703
198203,0.00924059,-0.00239328,0.03538755,-0.01777810
198204,0.01055267,0.01551810,-0.02980303,0.03244500
198205,0.01004764,0.00170200,0.01778604,-0.03891989
198206,0.00883706,-0.00282679,0.01755485,-0.03037128
198207,0.01055267,0.00869615,0.00029620,-0.03158250
198208,0.00662083,-0.04038528,0.00814121,0.11170684
198209,0.00420841,0.02756781,0.00155948,0.01295158
198210,0.00631894,0.01916747,-0.03267960,0.11259233
198211,0.00631894,0.04281619,-0.01828819,0.04674039
198212,0.00662083,-0.00386066,-0.00164193,0.00555153
198301,0.00631894,0.02655362,-0.00715323,0.03549680
198302,0.00571542,0.03011539,0.00542001,0.02583510
198303,0.00692282,0.01616972,0.01999523,0.02813160
198304,0.00803047,0.00406624,0.00414800,0.06614782
198305,0.00631894,0.06191910,-0.01335629,0.00509445
198306,0.00662083,0.00893166,-0.03693145,0.03073939
198307,0.00803047,0.01452593,0.05765608,-0.04035604
198308,0.00692282,-0.04268046,0.05669672,-0.00474528
198309,0.00843369,0.00569889,0.00904287,0.00882332
198310,0.00843369,-0.03681302,0.05256053,-0.03407950
198311,0.00631894,0.01909141,-0.00743738,0.02170937
198312,0.00631894,-0.00300800,0.01786572,-0.01763447
198401,0.00843369,-0.00283726,0.07801541,-0.01977184
198402,0.00803047,-0.01817269,0.03521263,-0.04718808
198403,0.00662083,0.00058404,0.00517970,0.00658991
198404,0.00803047,-0.01194656,0.01137530,-0.00507426
198405,0.00883706,0.00029458,0.00227249,-0.05933020
198406,0.00843369,-0.00337230,-0.02687986,0.01786733
198407,0.00843369,-0.02262390,0.00353170,-0.02717429
198408,0.00924059,-0.00332471,-0.01714316,0.10216893
198409,0.00954287,0.00100016,0.05373888,-0.00808923
198410,0.00924059,-0.01193472,0.00543837,-0.00843687
198411,0.00631894,-0.00791610,0.04009163,-0.01753780
198412,0.00601713,-0.00494163,-0.00065563,0.01833555
198501,0.00662083,0.03033122,-0.04695108,0.07936660
198502,0.00571542,0.00575794,-0.00399299,0.01217846
198503,0.00631894,-0.01136737,0.04063658,-0.00836892
198504,0.00631894,0.00074183,0.03665913,-0.00963898
198505,0.00662083,-0.02203287,-0.00935684,0.05047827
198506,0.00601713,0.00429512,0.00348103,0.01263747
198507,0.00662083,0.02944011,-0.01623044,-0.00728261
198508,0.00440925,-0.00366941,0.02371138,-0.00989543
198509,0.00571542,-0.01637747,0.01301160,-0.04521618
198510,0.00692282,-0.01422051,0.00670545,0.03983279
198511,0.00601713,0.00116489,-0.02649794,0.06453862
198512,0.00631894,-0.00560909,-0.01430720,0.03853097
198601,0.00662083,0.01066689,0.00436192,0.00660603
198602,0.00571542,-0.00569416,-0.00604970,0.07122088
198603,0.00601713,-0.00598707,-0.00364751,0.04892605
198604,0.00440925,0.02720013,-0.02850585,-0.01295593
198605,0.00420841,-0.01348494,-0.00175901,0.04603842
198606,0.00420841,-0.00980899,0.01181297,0.01044146
198607,0.00440925,-0.03651478,0.04915122,-0.06397545
198608,0.00420841,-0.03897991,0.03381920,0.06061598
198609,0.00420841,0.02484213,0.03466213,-0.08551664
198610,0.00461013,-0.02442448,-0.01436723,0.04629556
198611,0.00380685,-0.01946625,-0.00035792,0.01173912
198612,0.00440925,0.00140201,0.00335202,-0.03253797
198701,0.00420841,-0.01718388,-0.02895621,0.12390340
198702,0.00380685,0.03305830,-0.05524120,0.04358657
198703,0.00440925,0.00398156,0.01582209,0.01621394
198704,0.00420841,-0.01875287,-0.00406478,-0.02086137
198705,0.00400761,-0.00677392,0.00198165,0.00119215
198706,0.00440925,-0.02021083,0.01090271,0.03879100
198707,0.00440925,-0.00555814,0.00877208,0.03843953
198708,0.00420841,-0.00879959,-0.00977877,0.03511867
198709,0.00420841,0.00497360,0.00189708,-0.02557317
198710,0.00662083,-0.12246501,0.04692597,-0.23092107
198711,0.00400761,0.02687654,0.03223821,-0.07766998
198712,0.00440925,-0.00152975,-0.04229202,0.06813768
198801,0.00200190,-0.01043473,0.04648345,0.04223990
198802,0.00400761,0.03203282,-0.01430174,0.04764066
198803,0.00461013,0.06143895,0.00834176,-0.02266187
198804,0.00400761,0.00757812,0.01579220,0.00576611
198805,0.00420841,-0.02544511,0.02350017,-0.00255399
198806,0.00440925,0.01838229,-0.01276567,0.04739374
198807,0.00601713,-0.00365861,0.02209582,-0.01250863
198808,0.00692282,0.00017574,0.02186029,-0.03297502
198809,0.00631894,-0.01317829,-0.00733684,0.03314383
198810,0.00631894,-0.02928758,0.02023382,0.01144025
198811,0.00631894,-0.01710294,0.01453294,-0.02256748
198812,0.00631894,0.01827501,-0.01817822,0.01492407
198901,0.00631894,-0.02089857,0.00586957,0.06061757
198902,0.00571542,0.02802820,0.00990507,-0.02227246
198903,0.00662083,0.00610885,0.00437770,0.01562751
198904,0.00601713,-0.00649154,-0.01421769,0.04289953
198905,0.00883706,-0.00219719,-0.00890756,0.03338810
198906,0.00662083,-0.00987239,0.02277466,-0.01375933
198907,0.00601713,-0.03860207,-0.02602241,0.07138429
198908,0.00692282,0.00492343,0.00607916,0.01424134
198909,0.00601713,0.00278864,-0.01275881,-0.00727913
198910,0.00662083,-0.03534724,-0.01293983,-0.03661552
198911,0.00631894,-0.01181696,-0.01139222,0.01033448
198912,0.00601713,-0.02324998,0.00125688,0.01178850
199001,0.00662083,-0.01402422,0.00913802,-0.07787886
199002,0.00571542,0.00908973,0.00616029,0.01106886
199003,0.00662083,0.01435404,-0.02831447,0.01808048
199004,0.00601713,-0.00530064,-0.02643725,-0.03354537
199005,0.00662083,-0.02409941,-0.03547125,0.08393349
199006,0.00631894,0.01347150,-0.01999884,-0.01095168
199007,0.00631894,-0.03169581,-0.00102260,-0.01885306
199008,0.00692282,-0.03885795,0.01418099,-0.10066543
199009,0.00571542,-0.03894921,0.00581568,-0.06116844
199010,0.00692282,-0.05691473,-0.00102082,-0.01897939
199011,0.00631894,0.00318218,-0.02752584,0.06318971
199012,0.00601713,0.00736443,-0.01503891,0.02455167
199101,0.00440925,0.03570214,-0.01502008,0.04676031
199102,0.00571542,0.03688629,-0.00593507,0.07161165
199103,0.00400761,0.03760796,-0.01306183,0.02644470
199104,0.00440925,0.00412335,0.01468680,-0.00261890
199105,0.00440925,-0.00427617,-0.00528145,0.03628177
199106,0.00400761,0.00144632,0.01111530,-0.04931938
199107,0.00440925,-0.00974785,-0.01257943,0.04233758
199108,0.00440925,0.01526450,-0.00745000,0.02326916
199109,0.00400761,0.01686955,-0.01236572,-0.01561180
199110,0.00461013,0.00754170,-0.00416244,0.01267823
199111,0.00400761,-0.00575638,-0.01886755,-0.04195715
199112,0.00420841,-0.02096575,-0.03760303,0.10827837
199201,0.00440925,0.08464055,0.04653022,-0.00610962
199202,0.00190171,0.00809685,0.06401609,0.01074391
199203,0.00440925,-0.01033197,0.03676268,-0.02667688
199204,0.00420841,-0.05952071,0.04411077,0.01083139
199205,0.00200190,0.00397967,0.01068603,0.00283557
199206,0.00220231,-0.03167617,0.03320500,-0.02319817
199207,0.00220231,-0.00439477,-0.00533645,0.03770075
199208,0.00210210,-0.00114908,-0.01106591,-0.02369675
199209,0.00210210,0.00530688,-0.00243327,0.01198411
199210,0.00220231,0.02080047,-0.01952987,0.01005138
199211,0.00200190,0.03551795,-0.01462521,0.04120583
199212,0.00220231,0.01604220,0.02574772,0.01545071
199301,0.00200190,0.01866587,0.05885690,0.00928170
199302,0.00190171,-0.03345989,0.06678082,0.00134602
199303,0.00230253,0.00239712,0.01202341,0.02318246
199304,0.00210210,-0.00659458,0.02622211,-0.03031910
199305,0.00200190,0.01960245,-0.03343977,0.02886219
199306,0.00220231,-0.00324317,0.02643816,0.00303938
199307,0.00210210,0.00920462,0.02855946,-0.00350311
199308,0.00220231,0.00105930,0.00172656,0.03705430
199309,0.00210210,0.03100781,-0.00263375,-0.00133744
199310,0.00210210,0.01987331,-0.02745570,0.01426879
199311,0.00210210,-0.01318016,-0.00799150,-0.01838667
199312,0.00220231,0.01155445,0.00226294,0.01652765
199401,0.00210210,0.00290745,0.01092117,0.02863986
199402,0.00190171,0.02814076,-0.01570423,-0.02563881
199403,0.00230253,-0.01102052,0.01727220,-0.04769863
199404,0.00190171,-0.00914263,0.01616272,0.00670018
199405,0.00210210,-0.02101214,0.00605416,0.00586309
199406,0.00220231,-0.00492787,0.01837244,-0.03030929
199407,0.00200190,-0.01758646,0.00606862,0.02792469
199408,0.00461013,0.01430400,-0.02427830,0.04007915
199409,0.00420841,0.03135918,-0.01867519,-0.02305324
199410,0.00420841,-0.02157817,-0.01682633,0.01331595
199411,0.00420841,0.00255902,-0.00789771,-0.04005486
199412,0.00420841,0.00152934,-0.00108609,0.00851000
199501,0.00420841,-0.03395020,0.02552079,0.01771121
199502,0.00380685,-0.00605941,0.00939244,0.03611266
199503,0.00461013,-0.00197728,-0.02066343,0.02203968
199504,0.00380685,-0.00498929,0.01624178,0.02112179
199505,0.00440925,-0.02479275,0.02214200,0.02893398
199506,0.00440925,0.03033907,-0.02412099,0.02685609
199507,0.00400761,0.02046898,-0.01523759,0.03703461
199508,0.00461013,0.01274735,0.02636522,0.00551609
199509,0.00400761,-0.02066262,-0.00142633,0.03345816
199510,0.00440925,-0.03867367,-0.00552582,-0.01500530
199511,0.00420841,-0.01057473,0.00502106,0.03950507
199512,0.00400761,0.00618764,0.00198495,0.01024397
199601,0.00440925,-0.02782637,0.00418620,0.02272238
199602,0.00400761,0.01687277,-0.01054089,0.01312826
199603,0.00420841,0.01408758,0.00345185,0.00731253
199604,0.00420841,0.05116928,-0.03749516,0.02057190
199605,0.00440925,0.03095143,-0.00865987,0.02340112
199606,0.00400761,-0.04004692,0.02393937,-0.01127628
199607,0.00440925,-0.04516319,0.05468080,-0.05938354
199608,0.00440925,0.02360040,-0.00778782,0.02746976
199609,0.00400761,-0.01002390,-0.02635036,0.05001789
199610,0.00461013,-0.04334614,0.05015001,0.00829243
199611,0.00400761,-0.03800798,0.01338368,0.06239113
199612,0.00420841,0.03089614,0.01254860,-0.01687239
199701,0.00440925,-0.01922060,-0.01433698,0.04997502
199702,0.00380685,-0.03249359,0.05812225,-0.00497705
199703,0.00400761,-0.00502954,0.03599138,-0.05041676
199704,0.00440925,-0.05674963,0.00001177,0.04039754
199705,0.00420841,0.04762804,-0.03731949,0.06700652
199706,0.00420841,0.01067653,0.01376478,0.04094414
199707,0.00440925,-0.02612806,0.00096884,0.07266529
199708,0.00420841,0.07398618,0.01123279,-0.04119643
199709,0.00420841,0.02303335,0.00236802,0.05321876
199710,0.00461013,-0.00857527,0.02124521,-0.03793492
199711,0.00380685,-0.04999572,0.01194498,0.02958275
199712,0.00440925,-0.02442748,0.03642227,0.01355535
199801,0.00400761,-0.01037983,-0.01772709,0.00147393
199802,0.00380685,0.00129286,-0.00846396,0.07011538
199803,0.00440925,-0.01144831,0.01285201,0.04752172
199804,0.00420841,0.00040588,0.00955111,0.00743620
199805,0.00400761,-0.03501720,0.03552163,-0.03053393
199806,0.00440925,-0.03119695,-0.01992523,0.03190641
199807,0.00440925,-0.05046036,-0.01927483,-0.02417725
199808,0.00420841,-0.06599402,0.04228226,-0.16021359
199809,0.00420841,-0.00259292,-0.03571115,0.06144740
199810,0.00220231,-0.02818976,-0.02527713,0.07130185
199811,0.00400761,0.01103456,-0.03099879,0.06064658
199812,0.00440925,-0.00467188,-0.04065292,0.06108713
199901,0.00380685,0.00566506,-0.04328541,0.03496287
199902,0.00380685,-0.06218735,0.01871898,-0.04079750
199903,0.00461013,-0.03833361,-0.02691997,0.03467277
199904,0.00420841,0.03698417,0.01995661,0.04319141
199905,0.00400761,0.03228758,0.02415464,-0.02448228
199906,0.00440925,0.03147480,-0.03217124,0.04791390
199907,0.00420841,0.02557509,-0.00316561,-0.03478340
199908,0.00440925,-0.01061551,-0.02068108,-0.01371968
199909,0.00420841,0.03206061,-0.03013730,-0.02755988
199910,0.00420841,-0.06772393,-0.02933009,0.06103798
199911,0.00420841,0.06756144,-0.05217900,0.03375661
199912,0.00440925,0.06278908,-0.06918343,0.07713875
200001,0.00400761,0.05297508,-0.01451119,-0.04717539
200002,0.00400761,-0.21581402,0.08280880,0.02441449
200003,0.00461013,-0.16053018,0.08686123,0.05170913
200004,0.00380685,-0.05984391,0.06358344,-0.06348946
200005,0.00440925,-0.06047845,0.04383451,-0.04367438
200006,0.00440925,0.12982609,-0.07531037,0.04583942
200007,0.00400761,-0.02883916,0.08218334,-0.02439079
200008,0.00461013,-0.00503955,-0.01330454,0.07010869
200009,0.00601713,-0.01792953,0.07538213,-0.05424902
200010,0.00662083,-0.03963893,0.05420848,-0.02767816
200011,0.00420841,-0.03307312,0.13569445,-0.10666037
200012,0.00601713,0.00786507,0.07032519,0.01193200
200101,0.00631894,0.06301381,-0.05225753,0.03257376
200102,0.00380685,-0.00765958,0.13640982,-0.09996105
200103,0.00440925,0.00194891,0.06568600,-0.07233949
200104,0.00400761,0.00500521,-0.04826413,0.07916460
200105,0.00220231,0.02407736,0.03139126,0.00652886
200106,0.00210210,0.06470674,-0.01316186,-0.01944577
200107,0.00210210,-0.04228668,0.05191614,-0.02098665
200108,0.00230253,0.02413358,0.02733118,-0.06418069
200109,0.00300420,-0.06853122,0.01834503,-0.09220817
200110,0.00230253,0.07591964,-0.06993374,0.02472845
200111,0.00210210,-0.00516092,0.01948292,0.07546094
200112,0.00200190,0.04610567,0.00782950,0.01589846
200201,0.00210210,0.01082878,0.03460256,-0.01431835
200202,0.00190171,-0.01255821,0.02494415,-0.02298474
200203,0.00200190,0.03856371,0.01037489,0.04261941
200204,0.00220231,0.06045263,0.04078457,-0.05210300
200205,0.00220231,-0.03360239,0.01380588,-0.01347856
200206,0.00200190,0.04407762,0.00126783,-0.07231120
200207,0.00220231,-0.06108309,-0.03898367,-0.08170361
200208,0.00220231,-0.02896793,0.02849897,0.00504248
200209,0.00200190,0.02590599,0.01294056,-0.10324825
200210,0.00230253,-0.03417306,-0.03556300,0.07830236
200211,0.00200190,0.03056298,-0.01097365,0.05973410
200212,0.00210210,-0.00088270,0.02242829,-0.05755059
200301,0.00000000,0.01281448,-0.00882073,-0.02601361
200302,0.00000000,-0.00521913,-0.01365465,-0.01869070
200303,0.00000000,0.00967673,-0.02121628,0.01099369
200304,0.00000000,0.00599114,0.01114008,0.08197498
200305,0.00000000,0.04313291,0.00683091,0.06028668
200306,0.00000000,0.01695091,0.00085726,0.01409944
200307,0.00000000,0.04843736,-0.01425551,0.02327692
200308,0.00000000,0.02435478,0.01625034,0.02326430
200309,0.00000000,0.00887996,0.00145279,-0.01229146
200310,0.00000000,0.02519128,0.02095792,0.06094923
200311,0.00000000,0.02096196,0.01695922,0.01358122
200312,0.00000000,-0.02513773,0.01507210,0.04280499
200401,0.00000000,0.02455401,0.02362495,0.02157959
200402,0.00000000,-0.01498510,0.00976392,0.01394196
200403,0.00000000,0.01844241,0.00284207,-0.01335770
200404,0.00000000,-0.01722127,-0.03264011,-0.01838272
200405,0.00000000,-0.00177870,-0.00157340,0.01189245
200406,0.00000000,0.02257573,0.01181814,0.01845745
200407,0.00000000,-0.03792056,0.03340054,-0.04072602
200408,0.00220231,-0.01427423,0.01018420,0.00050736
200409,0.00210210,0.02989152,-0.00082312,0.01595811
200410,0.00210210,0.00130498,-0.00291377,0.01418357
200411,0.00210210,0.03587252,0.01472940,0.04549186
200412,0.00220231,-0.00040013,-0.00250310,0.03430931
200501,0.00200190,-0.01663786,0.02104587,-0.02768231
200502,0.00190171,-0.00522532,0.01402204,0.01873161
200503,0.00220231,-0.01439158,0.02123227,-0.01960002
200504,0.00210210,-0.03981027,0.00043245,-0.02606757
200505,0.00210210,0.02792941,-0.00547461,0.03660102
200506,0.00220231,0.02566170,0.02727896,0.00583749
200507,0.00200190,0.02820224,-0.00714134,0.03920502
200508,0.00230253,-0.01053436,0.01335644,-0.01189869
200509,0.00210210,-0.00590665,0.00767705,0.00457593
200510,0.00210210,-0.01260391,0.00445682,-0.02047065
200511,0.00210210,0.01023391,-0.01167272,0.03603437
200512,0.00420841,-0.00422894,0.00097362,-0.00233241
200601,0.00400761,0.05293752,0.00980866,0.03038029
200602,0.00380685,-0.00396845,-0.00324806,-0.00283255
200603,0.00461013,0.03413890,0.00588830,0.01461514
200604,0.00380685,-0.01334289,0.02239969,0.00733761
200605,0.00440925,-0.03040353,0.02462802,-0.03558366
200606,0.00440925,-0.00215190,0.00839330,-0.00352215
200607,0.00400761,-0.03847448,0.02673433,-0.00764966
200608,0.00461013,0.00999115,-0.01928571,0.02040509
200609,0.00400761,-0.01256843,0.00036381,0.01806546
200610,0.00440925,0.01738696,-0.00334851,0.03192984
200611,0.00420841,0.00658114,0.00035974,0.01689276
200612,0.00400761,-0.01179258,0.02760995,0.00844629
200701,0.00400761,0.00108880,-0.00693457,0.01384693
200702,0.00380685,0.01247893,-0.00083975,-0.01963895
200703,0.00440925,0.00169435,-0.00899315,0.00702266
200704,0.00400761,-0.02128793,-0.01404686,0.03480728
200705,0.00440925,0.00188637,-0.00621290,0.03202834
200706,0.00420841,0.00745271,-0.01056261,-0.01941418
200707,0.00420841,-0.02788246,-0.03793353,-0.03726415
200708,0.00461013,-0.00123009,-0.01846841,0.00952203
200709,0.00380685,-0.02130512,-0.02085095,0.03230807
200710,0.00230253,0.00210936,-0.02790421,0.01811063
200711,0.00420841,-0.02944421,-0.01140374,-0.04778054
200712,0.00200190,0.00162316,-0.00524138,-0.00864440
200801,0.00210210,-0.01097133,0.04398651,-0.06330820
200802,0.00200190,-0.00511792,-0.00736208,-0.03080794
200803,0.00200190,0.00796147,0.00271370,-0.00954333
200804,0.00220231,-0.01606587,-0.00986278,0.04617798
200805,0.00210210,0.02935147,-0.01454307,0.01871732
200806,0.00210210,0.01226629,-0.02790918,-0.08408111
200807,0.00220231,0.02451415,0.05641340,-0.00740276
200808,0.00210210,0.03273358,0.01663191,0.01550416
200809,0.00210210,-0.02263070,0.07729349,-0.09353912
200810,0.00000000,-0.03584967,-0.02177254,-0.17206216
200811,0.00000000,-0.03677263,-0.06218325,-0.07720513
200812,0.00000000,0.03663162,0.00849271,0.01763470
200901,0.00000000,0.00080635,-0.11368832,-0.08141258
200902,0.00000000,-0.00091661,-0.06980556,-0.10129967
200903,0.00000000,-0.00285659,0.04485357,0.08975595
200904,0.00000000,0.04882462,0.05447154,0.10177907
200905,0.00000000,-0.02369988,0.00767568,0.05201143
200906,0.00000000,0.02600507,-0.02597378,0.00431099
200907,0.00000000,0.01635997,0.04696823,0.07757819
200908,0.00000000,-0.01016720,0.07647687,0.03329355
200909,0.00000000,0.02376105,0.01191491,0.04072977
200910,0.00000000,-0.04311919,-0.04035093,-0.02564159
200911,0.00000000,-0.02319589,-0.00211938,0.05660872
200912,0.00000000,0.05890429,-0.00044455,0.02799513
201001,0.00000000,0.00446556,0.00427059,-0.03359391
201002,0.00000000,0.01113131,0.03187773,0.03408634
201003,0.00000000,0.01397519,0.02082783,0.06303028
201004,0.00000000,0.04731032,0.02932599,0.02007269
201005,0.00000000,0.00266121,-0.02383253,-0.07905640
201006,0.00000000,-0.01804922,-0.04740722,-0.05585879
201007,0.00000000,0.00350909,-0.00419396,0.06937933
201008,0.00000000,-0.03085242,-0.01756013,-0.04759224
201009,0.00000000,0.03609399,-0.02653146,0.09521931
201010,0.00000000,0.01112911,-0.02388100,0.03875495
201011,0.00000000,0.03702847,-0.00853430,0.00622455
201012,0.00000000,0.00697876,0.03422734,0.06810728
201101,0.00000000,-0.02211060,0.00597988,0.02030717
201102,0.00000000,0.01508631,0.01157432,0.03497265
201103,0.00000000,0.02546051,-0.01794190,0.00443870
201104,0.00000000,-0.00363040,-0.02369504,0.02936808
201105,0.00000000,-0.00666008,-0.01898971,-0.01285422
201106,0.00000000,-0.00206445,-0.00163739,-0.01745682
201107,0.00000000,-0.01180525,-0.00930835,-0.02352202
201108,0.00000000,-0.02710816,-0.02414059,-0.05948609
201109,0.00000000,-0.03284632,-0.01536830,-0.07596771
201110,0.00000000,0.03068686,0.00237207,0.11344979
201111,0.00000000,0.00024858,-0.00407868,-0.00252970
201112,0.00000000,-0.00470602,0.01599295,0.00770268
201201,0.00000000,0.01923945,-0.00883329,0.05048617
201202,0.00000000,-0.01717807,0.00419852,0.04395284
201203,0.00000000,-0.00555538,0.01192876,0.03102374
201204,0.00000000,-0.00306526,-0.00815896,-0.00836902
201205,0.00000000,0.00089508,-0.01067659,-0.06162888
201206,0.00000000,0.00768360,0.00529498,0.03900059
201207,0.00000000,-0.02755861,-0.00051848,0.00802924
201208,0.00000000,0.00510812,0.01178328,0.02531746
201209,0.00000000,0.00439294,0.01599941,0.02722988
201210,0.00000000,-0.01137832,0.03622893,-0.01769880
201211,0.00000000,0.00641005,-0.00830892,0.00775506
201212,0.00000000,0.01485669,0.03466445,0.01197999
201301,0.00000000,0.00277170,0.00966484,0.05552872
201302,0.00000000,-0.00274388,0.00241014,0.01252450
201303,0.00000000,0.00786944,-0.00206912,0.04023927
201304,0.00000000,-0.02250913,0.00467192,0.01558232
201305,0.00000000,0.01709805,0.02654092,0.02802434
201306,0.00000000,0.01316697,-0.00022377,-0.01212669
201307,0.00000000,0.01744037,0.00556431,0.05666648
201308,0.00000000,0.00345549,-0.02779497,-0.02727446
201309,0.00000000,0.02798740,-0.01144843,0.03748583
201310,0.00000000,-0.01483035,0.01177939,0.04177783
201311,0.00000000,0.01346327,0.00182075,0.03119941
201312,0.00000000,-0.00416014,-0.00005524,0.02802603
201401,0.00000000,0.00991530,-0.02071127,-0.03316937
201402,0.00000000,0.00377436,-0.00381962,0.04676482
201403,0.00000000,-0.01797695,0.04965690,0.00411703
201404,0.00000000,-0.04145161,0.01182665,-0.00174414
201405,0.00000000,-0.01784609,-0.00144644,0.02046529
201406,0.00000000,0.02999578,-0.00694039,0.02596596
201407,0.00000000,-0.04267327,-0.00139778,-0.02031749
201408,0.00000000,0.00393425,-0.00555549,0.04250472
201409,0.00000000,-0.03637814,-0.01548704,-0.01959758
201410,0.00000000,0.03980967,-0.01577744,0.02508275
201411,0.00000000,-0.02001667,-0.03051790,0.02563729
201412,0.00000000,0.02529701,0.02064048,-0.00073373
201501,0.00000000,-0.00588175,-0.03537133,-0.03077104
201502,0.00000000,0.00573530,-0.01686830,0.06108020
201503,0.00000000,0.03102880,-0.00414640,-0.01102597
201504,0.00000000,-0.02986380,0.01793516,0.00590643
201505,0.00000000,0.00943276,-0.01110068,0.01359049
201506,0.00000000,0.02999956,-0.00836156,-0.01512537
201507,0.00000000,-0.04143890,-0.04188435,0.01593554
201508,0.00000000,0.00262496,0.02946416,-0.06048248
201509,0.00000000,-0.02786262,0.00522985,-0.03071914
201510,0.00000000,-0.01665385,-0.00523007,0.07758691
201511,0.00000000,0.03588997,-0.00402819,0.00576510
201512,0.00000000,-0.02931265,-0.02640968,-0.02115668
201601,0.00000000,-0.03598895,0.02395747,-0.05716480
201602,0.00000000,0.00740139,-0.00688445,-0.00060292
201603,0.00000000,0.00738386,0.01106341,0.06960540
201604,0.00000000,0.00789329,0.03206677,0.00898759
201605,0.00000000,-0.00151661,-0.01627790,0.01771943
201606,0.00000000,0.00650462,-0.01424272,-0.00030308
201607,0.00000000,0.02406056,-0.01159283,0.03948275
201608,0.00000000,0.01181972,0.03166942,0.00474600
201609,0.00000000,0.02170339,-0.01206825,0.00273338
201610,0.00000000,-0.04428074,0.04322058,-0.02020167
201611,0.00000000,0.05415684,0.07866006,0.04860004
201612,0.00000000,0.00156611,0.03446729,0.01797254
201701,0.00000000,-0.01118464,-0.02672641,0.01957093
201702,0.00000000,-0.02043143,-0.01484652,0.03537058
201703,0.00000000,0.01199613,-0.03266062,0.00185240
201704,0.00000000,0.00703425,-0.01997493,0.01072095
201705,0.00000000,-0.02501025,-0.03785115,0.01066090
201706,0.00000000,0.02208501,0.01399669,0.00775990
201707,0.00000000,-0.01393833,-0.00225459,0.01863467
201708,0.00000000,-0.01646765,-0.02153608,0.00168981
201709,0.00000000,0.04325262,0.03054319,0.02485317
201710,0.00000000,-0.01877642,0.00116465,0.02272244
201711,0.00000000,-0.00564578,-0.00097310,0.03117562
201712,0.00000000,-0.01272042,0.00061285,0.01061647
201801,0.00210210,-0.02994163,-0.01270624,0.05560036
201802,0.00190171,0.00200340,-0.01105266,-0.03644664
201803,0.00210210,0.04080367,-0.00242323,-0.02355007
201804,0.00210210,0.01064186,0.00472791,0.00260262
201805,0.00220231,0.05119839,-0.03014731,0.02661606
201806,0.00210210,0.01153264,-0.02334622,0.00476603
201807,0.00210210,-0.02160595,0.00392845,0.03186485
201808,0.00230253,0.01167657,-0.03751086,0.03441962
201809,0.00190171,-0.02293607,-0.01662982,0.00067019
201810,0.00230253,-0.05034473,0.03494105,-0.07657651
201811,0.00210210,-0.00710912,0.00159206,0.01699282
201812,0.00190171,-0.02549515,-0.02299862,-0.09519772
201901,0.00210210,0.02596092,-0.00487767,0.08374344
201902,0.00190171,0.02040626,-0.02580749,0.03429089
201903,0.00210210,-0.02953952,-0.04161203,0.01081029
201904,0.00210210,-0.01630679,0.02052205,0.03954524
201905,0.00220231,-0.01314755,-0.02694236,-0.06906319
201906,0.00200190,0.00231571,-0.00674719,0.06908465
201907,0.00220231,-0.01899907,0.00524318,0.01205478
201908,0.00220231,-0.02407467,-0.04857204,-0.02537990
201909,0.00200190,-0.00909025,0.06838307,0.01413267
201910,0.00230253,0.00281810,-0.01920675,0.02071489
201911,0.00200190,0.00726026,-0.01923609,0.03854526
201912,0.00210210,0.00732867,0.01683579,0.02782865
202001,0.00210210,-0.03226042,-0.06257437,-0.00106252
202002,0.00190171,0.01142810,-0.04111591,-0.08139655
202003,0.00220231,-0.05707730,-0.14643736,-0.13374724
202004,0.00000000,0.02447631,-0.00797829,0.13616945
202005,0.00000000,0.02476965,-0.04311895,0.05577685
202006,0.00000000,0.02818158,-0.01693297,0.02425479
202007,0.00000000,-0.02129764,-0.01440779,0.05832110
202008,0.00000000,-0.00159686,-0.02871041,0.07628534
202009,0.00000000,0.00055426,-0.03012662,-0.03652820
202010,0.00000000,0.04355096,0.04236896,-0.02101536
202011,0.00000000,0.05166143,0.01898976,0.12439749
202012,0.00000000,0.04815407,-0.01516615,0.04620967
202101,0.00000000,0.07132912,0.03014697,-0.00066440
202102,0.00000000,0.02053376,0.06886507,0.02825334
202103,0.00000000,-0.02080895,0.06899449,0.03164297
202104,0.00000000,-0.02996395,-0.01030745,0.04952215
202105,0.00000000,-0.00135643,0.07007664,0.00274778
202106,0.00000000,0.01758614,-0.07558202,0.02725594
202107,0.00000000,-0.03862099,-0.01711085,0.01349290
202108,0.00000000,-0.00257890,-0.00253666,0.02969047
202109,0.00000000,0.00716008,0.05332508,-0.04423206
202110,0.00000000,-0.02109049,-0.00562401,0.06638422
202111,0.00000000,-0.01359492,-0.00394192,-0.01577381
202112,0.00000000,-0.01479776,0.02915326,0.03234041
202201,0.00000000,-0.05950542,0.13761369,-0.06157245
202202,0.00000000,0.02228670,0.02678780,-0.02251509
202203,0.00000000,-0.01410982,-0.02405722,0.03091471
202204,0.00000000,-0.01556438,0.06684255,-0.09414064
202205,0.00000000,-0.01672443,0.08061937,-0.00323038
202206,0.00000000,0.02310904,-0.06746766,-0.08403549
202207,0.00000000,0.02701292,-0.03956064,0.09574118
202208,0.00230253,0.01526268,-0.00159557,-0.03767859
202209,0.00210210,-0.00771990,-0.00155619,-0.09337039
202210,0.00210210,0.00142459,0.07246912,0.07866446
202211,0.00210210,-0.03288022,0.01017194,0.04634488
202212,0.00420841,-0.00744364,0.01252134,-0.06356279
202301,0.00400761,0.04772379,-0.03648973,0.06567580
202302,0.00380685,0.01136120,-0.01039445,-0.02542811
202303,0.00461013,-0.05358960,-0.08831835,0.02463329
202304,0.00380685,-0.03302871,-0.00196820,0.00627360
202305,0.00440925,0.01741889,-0.07587141,0.00338657
202306,0.00420841,0.01468232,-0.00151595,0.06438725
202307,0.00400761,0.02020116,0.03915566,0.03175747
202308,0.00461013,-0.03251700,-0.01146379,-0.02342468
202309,0.00400761,-0.02621782,0.01580466,-0.05203226
202310,0.00440925,-0.03955534,0.00231736,-0.03152190
202311,0.00420841,0.00041031,0.01558367,0.08813304
202312,0.00400761,0.06032079,0.04651710,0.04825265
202401,0.00420841,-0.04984459,-0.02417043,0.00717055
202402,0.00400761,-0.00175250,-0.03299723,0.05035693
202403,0.00400761,-0.02328408,0.04036417,0.02840006
202404,0.00440925,-0.02444153,-0.00518274,-0.04633264
202405,0.00440925,0.00533374,-0.01258499,0.04308564
202406,0.00380685,-0.02945435,-0.03267908,0.02800157
202407,0.00440925,0.06653992,0.05346073,0.01228779
202408,0.00440925,-0.03291098,-0.01131778,0.01585649
202409,0.00400761,-0.00074382,-0.02770654,0.01714595
202410,0.00461013,-0.00961229,0.00825123,-0.01019364
202411,0.00400761,0.04271800,0.00162405,0.06441528
202412,0.00420841,-0.02802315,-0.03126285,-0.03133851
202501,0.00400761,-0.01866545,0.01397847,0.02798791
202502,0.00380685,-0.05803184,0.05099379,-0.02421396
202503,0.00420841,-0.02834203,0.02949934,-0.06406111
202504,0.00420841,-0.00510110,-0.03758174,-0.00822329
202505,0.00420841,0.00750454,-0.02756545,0.06039301
202506,0.00400761,0.00831374,-0.01513948,0.04849057
202507,0.00440925,0.00329549,-0.01266427,0.01977866
202508,0.00420841,0.03850363,0.04264279,0.01841591
